[gd_scene load_steps=13 format=2]

[ext_resource path="res://Game_Scene.gd" type="Script" id=1]
[ext_resource path="res://Jake/CameraSetup.tscn" type="PackedScene" id=2]
[ext_resource path="res://Floor.tscn" type="PackedScene" id=3]
[ext_resource path="res://Walls.tscn" type="PackedScene" id=4]
[ext_resource path="res://High_Jump Map.tscn" type="PackedScene" id=5]
[ext_resource path="res://Camera.gd" type="Script" id=6]
[ext_resource path="res://Car.tscn" type="PackedScene" id=7]
[ext_resource path="res://Test_Raycaster.tscn" type="PackedScene" id=8]
[ext_resource path="res://Jake/Box.tscn" type="PackedScene" id=9]
[ext_resource path="res://Traincar_Oil.tscn" type="PackedScene" id=10]
[ext_resource path="res://Traincar_Explosive.tscn" type="PackedScene" id=11]

[sub_resource type="Environment" id=1]

background_mode = 0
background_sky_custom_fov = 0.0
background_color = Color( 0, 0, 0, 1 )
background_energy = 1.0
background_canvas_max_layer = 0
ambient_light_color = Color( 1, 1, 1, 1 )
ambient_light_energy = 0.5
ambient_light_sky_contribution = 1.0
fog_enabled = false
fog_color = Color( 0.5, 0.6, 0.7, 1 )
fog_sun_color = Color( 1, 0.9, 0.7, 1 )
fog_sun_amount = 0.0
fog_depth_enabled = true
fog_depth_begin = 10.0
fog_depth_curve = 1.0
fog_transmit_enabled = false
fog_transmit_curve = 1.0
fog_height_enabled = false
fog_height_min = 0.0
fog_height_max = 100.0
fog_height_curve = 1.0
tonemap_mode = 0
tonemap_exposure = 1.0
tonemap_white = 1.0
auto_exposure_enabled = false
auto_exposure_scale = 0.4
auto_exposure_min_luma = 0.05
auto_exposure_max_luma = 8.0
auto_exposure_speed = 0.5
ss_reflections_enabled = false
ss_reflections_max_steps = 64
ss_reflections_fade_in = 0.15
ss_reflections_fade_out = 2.0
ss_reflections_depth_tolerance = 0.2
ss_reflections_roughness = true
ssao_enabled = false
ssao_radius = 1.0
ssao_intensity = 1.0
ssao_radius2 = 0.0
ssao_intensity2 = 1.0
ssao_bias = 0.01
ssao_light_affect = 0.0
ssao_color = Color( 0, 0, 0, 1 )
ssao_quality = 0
ssao_blur = 3
ssao_edge_sharpness = 4.0
dof_blur_far_enabled = false
dof_blur_far_distance = 10.0
dof_blur_far_transition = 5.0
dof_blur_far_amount = 0.1
dof_blur_far_quality = 1
dof_blur_near_enabled = false
dof_blur_near_distance = 2.0
dof_blur_near_transition = 1.0
dof_blur_near_amount = 0.1
dof_blur_near_quality = 1
glow_enabled = false
glow_levels/1 = false
glow_levels/2 = false
glow_levels/3 = true
glow_levels/4 = false
glow_levels/5 = true
glow_levels/6 = false
glow_levels/7 = false
glow_intensity = 0.8
glow_strength = 1.0
glow_bloom = 0.0
glow_blend_mode = 2
glow_hdr_threshold = 1.0
glow_hdr_scale = 2.0
glow_bicubic_upscale = false
adjustment_enabled = false
adjustment_brightness = 1.0
adjustment_contrast = 1.0
adjustment_saturation = 1.0

[node name="Spatial" type="Spatial" index="0"]

script = ExtResource( 1 )

[node name="CameraSetup" parent="." index="0" instance=ExtResource( 2 )]

transform = Transform( -4.37114e-008, -0.422618, 0.906308, 0, 0.906308, 0.422618, -1, 1.84732e-008, -3.9616e-008, 26.5, 7.5, 1.5 )

[node name="WorldEnvironment" type="WorldEnvironment" parent="." index="1"]

environment = SubResource( 1 )

[node name="DirectionalLight" type="DirectionalLight" parent="WorldEnvironment" index="0"]

transform = Transform( -0.00945266, 0.618849, -0.785453, -0.606107, 0.621202, 0.496732, 0.795327, 0.480764, 0.369217, 2, 25.5, 0 )
layers = 1
light_color = Color( 1, 1, 1, 1 )
light_energy = 1.0
light_indirect_energy = 1.0
light_negative = false
light_specular = 0.5
light_bake_mode = 1
light_cull_mask = -1
shadow_enabled = false
shadow_color = Color( 0, 0, 0, 1 )
shadow_bias = 0.1
shadow_contact = 0.0
shadow_reverse_cull_face = false
editor_only = false
directional_shadow_mode = 2
directional_shadow_split_1 = 0.1
directional_shadow_split_2 = 0.2
directional_shadow_split_3 = 0.5
directional_shadow_blend_splits = false
directional_shadow_normal_bias = 0.8
directional_shadow_bias_split_scale = 0.25
directional_shadow_depth_range = 0
directional_shadow_max_distance = 200.0

[node name="Map Colliders" type="Spatial" parent="." index="2"]

editor/display_folded = true
transform = Transform( 1, 0, 0, 0, 1, 0, 0, 0, 1, 0, 0, -148.5 )
visible = false
_sections_unfolded = [ "Transform" ]

[node name="Floor" parent="Map Colliders" index="0" instance=ExtResource( 3 )]

transform = Transform( 5, 0, 0, 0, 1, 0, 0, 0, 5, 0, 0, 0 )
_sections_unfolded = [ "Transform" ]

[node name="Walls" parent="Map Colliders" index="1" instance=ExtResource( 4 )]

transform = Transform( 0.965926, 0, -0.258819, 0, 1, 0, 0.258819, 0, 0.965926, -44, 1.5, -0.5 )

[node name="Walls2" parent="Map Colliders" index="2" instance=ExtResource( 4 )]

transform = Transform( 1, 0, 0, 0, 1, 0, 0, 0, 1, -18.5, 1.5, 0 )

[node name="Walls5" parent="Map Colliders" index="3" instance=ExtResource( 4 )]

transform = Transform( 0.642788, 0, -0.766044, 0, 1, 0, 0.766044, 0, 0.642788, -11, 1.5, -15.5 )

[node name="Walls6" parent="Map Colliders" index="4" instance=ExtResource( 4 )]

transform = Transform( 0.866025, 0, -0.5, 0, 1, 0, 0.5, 0, 0.866025, -36.5, 1.5, -19 )

[node name="Walls7" parent="Map Colliders" index="5" instance=ExtResource( 4 )]

transform = Transform( 0.642788, 0, -0.766044, 0, 1, 0, 0.766044, 0, 0.642788, -23.5, 1.5, -34 )

[node name="Walls3" parent="Map Colliders" index="6" instance=ExtResource( 4 )]

transform = Transform( -4.37114e-008, 0, 1, 0, 1, 0, -1, 0, -4.37114e-008, -6, 1.5, -41 )

[node name="Walls8" parent="Map Colliders" index="7" instance=ExtResource( 4 )]

transform = Transform( -4.37114e-008, 0, 1, 0, 1, 0, -1, 0, -4.37114e-008, 14, 1.5, -41 )

[node name="Walls9" parent="Map Colliders" index="8" instance=ExtResource( 4 )]

transform = Transform( 0.819152, 0, 0.573577, 0, 1, 0, -0.573577, 0, 0.819152, 27.5, 1.5, -33.5 )

[node name="Walls10" parent="Map Colliders" index="9" instance=ExtResource( 4 )]

transform = Transform( 1, 0, 2.98023e-008, 0, 1, 0, -2.98023e-008, 0, 1, 33.5, 1.5, -18 )

[node name="Walls11" parent="Map Colliders" index="10" instance=ExtResource( 4 )]

transform = Transform( 1, 0, 2.98023e-008, 0, 1, 0, -2.98023e-008, 0, 1, 13.5, 1.5, -1.5 )

[node name="Walls12" parent="Map Colliders" index="11" instance=ExtResource( 4 )]

transform = Transform( 1, 0, 2.98023e-008, 0, 1, 0, -2.98023e-008, 0, 1, 33.5, 1.5, 2 )

[node name="Walls13" parent="Map Colliders" index="12" instance=ExtResource( 4 )]

transform = Transform( 0.939693, 0, -0.34202, 0, 1, 0, 0.34202, 0, 0.939693, 32, 1.5, 13.5 )

[node name="Walls14" parent="Map Colliders" index="13" instance=ExtResource( 4 )]

transform = Transform( 0.766044, 0, -0.642788, 0, 1, 0, 0.642788, 0, 0.766044, 24, 1.5, 29 )

[node name="Walls15" parent="Map Colliders" index="14" instance=ExtResource( 4 )]

transform = Transform( 0.258819, 0, -0.965926, 0, 1, 0, 0.965926, 0, 0.258819, 11, 1.5, 38.5 )

[node name="Walls16" parent="Map Colliders" index="15" instance=ExtResource( 4 )]

transform = Transform( 0.0871557, 0, -0.996195, 0, 1, 0, 0.996195, 0, 0.0871557, -7, 1.5, 42 )

[node name="Walls17" parent="Map Colliders" index="16" instance=ExtResource( 4 )]

transform = Transform( -0.34202, 0, -0.939692, 0, 1, 0, 0.939692, 0, -0.34202, -23, 1.5, 40.5 )

[node name="Walls18" parent="Map Colliders" index="17" instance=ExtResource( 4 )]

transform = Transform( -0.766044, 0, -0.642787, 0, 1, 0, 0.642787, 0, -0.766044, -38, 1.5, 30 )

[node name="Walls19" parent="Map Colliders" index="18" instance=ExtResource( 4 )]

transform = Transform( -0.965926, 0, -0.258819, 0, 1, 0, 0.258819, 0, -0.965926, -44, 1.5, 17 )

[node name="Walls4" parent="Map Colliders" index="19" instance=ExtResource( 4 )]

transform = Transform( 0.5, 0, 0.866025, 0, 1, 0, -0.866025, 0, 0.5, 5, 1.5, -16 )

[node name="Walls20" parent="Map Colliders" index="20" instance=ExtResource( 4 )]

transform = Transform( -0.573577, 0, 0.819152, 0, 1, 0, -0.819152, 0, -0.573577, 5, 1.5, 14 )

[node name="Walls21" parent="Map Colliders" index="21" instance=ExtResource( 4 )]

transform = Transform( 0.5, 0, 0.866025, 0, 1, 0, -0.866025, 0, 0.5, -11, 1.5, 14.5 )

[node name="High_Jump Map" parent="." index="3" instance=ExtResource( 5 )]

[node name="Camera" type="Camera" parent="." index="4"]

transform = Transform( -4.37114e-008, -0.422618, 0.906308, 0, 0.906308, 0.422618, -1, 1.84732e-008, -3.9616e-008, 26.5, 7.5, 1.5 )
keep_aspect = 1
cull_mask = 1048575
environment = null
h_offset = 0.0
v_offset = 0.0
doppler_tracking = 0
projection = 0
current = false
fov = 70.0
size = 1.0
near = 0.05
far = 100.0
script = ExtResource( 6 )
_sections_unfolded = [ "Transform" ]
follow_this_path = NodePath("../Car")
target_distance = 10.0
target_height = 4.0

[node name="Camera2" type="Camera" parent="." index="5"]

transform = Transform( -4.37114e-008, -0.422618, 0.906308, 0, 0.906308, 0.422618, -1, 1.84732e-008, -3.9616e-008, 26.5, 7.5, 1.5 )
keep_aspect = 1
cull_mask = 1048575
environment = null
h_offset = 0.0
v_offset = 0.0
doppler_tracking = 0
projection = 0
current = false
fov = 70.0
size = 1.0
near = 0.05
far = 100.0
script = ExtResource( 6 )
_sections_unfolded = [ "Transform" ]
follow_this_path = NodePath("../Car")
target_distance = 10.0
target_height = 4.0

[node name="Camera3" type="Camera" parent="." index="6"]

transform = Transform( -4.37114e-008, -0.422618, 0.906308, 0, 0.906308, 0.422618, -1, 1.84732e-008, -3.9616e-008, 26.5, 7.5, 1.5 )
keep_aspect = 1
cull_mask = 1048575
environment = null
h_offset = 0.0
v_offset = 0.0
doppler_tracking = 0
projection = 0
current = false
fov = 70.0
size = 1.0
near = 0.05
far = 100.0
script = ExtResource( 6 )
_sections_unfolded = [ "Transform" ]
follow_this_path = NodePath("../Car")
target_distance = 10.0
target_height = 4.0

[node name="Camera4" type="Camera" parent="." index="7"]

transform = Transform( -4.37114e-008, -0.422618, 0.906308, 0, 0.906308, 0.422618, -1, 1.84732e-008, -3.9616e-008, 26.5, 7.5, 1.5 )
keep_aspect = 1
cull_mask = 1048575
environment = null
h_offset = 0.0
v_offset = 0.0
doppler_tracking = 0
projection = 0
current = false
fov = 70.0
size = 1.0
near = 0.05
far = 100.0
script = ExtResource( 6 )
_sections_unfolded = [ "Transform" ]
follow_this_path = NodePath("../Car")
target_distance = 10.0
target_height = 4.0

[node name="Car" parent="." index="8" instance=ExtResource( 7 )]

editor/display_folded = true
transform = Transform( -4.37114e-008, 0, -1, 0, 1, 0, 1, 0, -4.37114e-008, 16, 0.5, 1.5 )

[node name="Test_Raycaster" parent="Car" index="6" instance=ExtResource( 8 )]

transform = Transform( 1, 0, 0, 0, 1, 0, 0, 0, 1, 0, 1, 0 )

[node name="Generic6DOFJoint" type="Generic6DOFJoint" parent="Car" index="7"]

transform = Transform( 1, 0, 0, 0, 1, 0, 0, 0, 1, 2.38419e-007, 0.5, -1.5 )
nodes/node_a = NodePath("..")
nodes/node_b = NodePath("../../Traincar")
solver/priority = 1
collision/exclude_nodes = true
linear_limit_x/enabled = true
linear_limit_x/upper_distance = 0.0
linear_limit_x/lower_distance = 0.0
linear_limit_x/softness = 0.7
linear_limit_x/restitution = 0.5
linear_limit_x/damping = 1.0
angular_limit_x/enabled = true
angular_limit_x/upper_angle = 0.0
angular_limit_x/lower_angle = 0.0
angular_limit_x/softness = 0.5
angular_limit_x/restitution = 0.0
angular_limit_x/damping = 1.0
angular_limit_x/force_limit = 0.0
angular_limit_x/erp = 0.5
angular_motor_x/enabled = false
angular_motor_x/target_velocity = 0.0
angular_motor_x/force_limit = 300.0
linear_limit_y/enabled = true
linear_limit_y/upper_distance = 0.0
linear_limit_y/lower_distance = 0.0
linear_limit_y/softness = 0.7
linear_limit_y/restitution = 0.5
linear_limit_y/damping = 1.0
angular_limit_y/enabled = true
angular_limit_y/upper_angle = 45.0
angular_limit_y/lower_angle = -45.0
angular_limit_y/softness = 0.5
angular_limit_y/restitution = 0.0
angular_limit_y/damping = 1.0
angular_limit_y/force_limit = 0.0
angular_limit_y/erp = 0.5
angular_motor_y/enabled = false
angular_motor_y/target_velocity = 0.0
angular_motor_y/force_limit = 300.0
linear_limit_z/enabled = true
linear_limit_z/upper_distance = 0.0
linear_limit_z/lower_distance = 0.0
linear_limit_z/softness = 0.7
linear_limit_z/restitution = 0.5
linear_limit_z/damping = 1.0
angular_limit_z/enabled = true
angular_limit_z/upper_angle = 45.0
angular_limit_z/lower_angle = -45.0
angular_limit_z/softness = 0.5
angular_limit_z/restitution = 0.0
angular_limit_z/damping = 1.0
angular_limit_z/force_limit = 0.0
angular_limit_z/erp = 0.5
angular_motor_z/enabled = false
angular_motor_z/target_velocity = 0.0
angular_motor_z/force_limit = 300.0
_sections_unfolded = [ "angular_limit_z", "nodes" ]

[node name="Box" parent="." index="9" instance=ExtResource( 9 )]

transform = Transform( 1, 0, 0, 0, 1, 0, 0, 0, 1, -31.5, 1, -1 )

[node name="Traincar" parent="." index="10" instance=ExtResource( 10 )]

transform = Transform( -4.37114e-008, 0, 1, 0, 1, 0, -1, 0, -4.37114e-008, 20, 0.5, 1.5 )

[node name="Explosive_Car" parent="." index="11" instance=ExtResource( 11 )]

transform = Transform( -4.37114e-008, 0, 1, 0, 1, 0, -1, 0, -4.37114e-008, 24, 0.5, 1.5 )


